    1.415132     1.544249     1.463409
    1.404410     1.533406     1.482595
    1.425196     1.517896     1.503094
    1.417680     1.552611     1.515562
    1.403954     1.585493     1.513600
    1.415286     1.597736     1.503304
    1.411298     1.642524     1.474527
    1.377062     1.594465     1.460042
    1.379810     1.626385     1.424297
    1.360757     1.585369     1.417341
    1.411828     1.615630     1.414052
    1.431327     1.642814     1.433518
    1.450149     1.625800     1.431984
    1.429231     1.585399     1.427178
    1.392314     1.571407     1.461606
    1.385139     1.557746     1.416884
    1.373969     1.537327     1.422085
    1.364584     1.561962     1.419053
    1.391090     1.510142     1.406743
    1.373340     1.548871     1.428002
    1.387879     1.523578     1.412430
    1.350673     1.522553     1.412826
    1.388721     1.549631     1.416528
    1.407252     1.561763     1.443533
    1.405645     1.498154     1.433833
    1.433340     1.527451     1.423885
    1.435374     1.540472     1.437130
    1.418756     1.534853     1.426706
    1.431255     1.535781     1.397780
    1.416998     1.542152     1.422393
    1.392769     1.559000     1.418183
    1.319173     1.593586     1.418924
    1.376907     1.604320     1.411393
    1.357142     1.572908     1.366024
    1.379504     1.521992     1.404845
    1.438079     1.532284     1.451570
    1.384674     1.558935     1.428204
    1.467523     1.536866     1.426784
    1.454069     1.563003     1.445509
    1.403015     1.569691     1.456802
    1.452952     1.584631     1.394343
    1.469927     1.593785     1.381118
    1.534893     1.581893     1.339353
    1.576216     1.612912     1.320705
    1.566402     1.570047     1.336843
    1.528191     1.586240     1.335021
    1.463662     1.578777     1.341917
    1.478652     1.622742     1.369368
    1.501057     1.632385     1.388499
    1.553448     1.634676     1.407784
    1.548626     1.601683     1.379557
    1.555122     1.558074     1.345011
    1.547932     1.553556     1.370329
    1.570886     1.540039     1.409696
    1.556179     1.586159     1.406296
    1.551486     1.562642     1.383364
    1.539670     1.571337     1.370650
    1.531834     1.516940     1.455095
    1.509921     1.499669     1.437637
    1.544059     1.513719     1.424576
    1.532793     1.465441     1.424479
    1.476070     1.466220     1.441680
    1.526083     1.538354     1.441013
    1.519174     1.513454     1.430066
    1.491352     1.473878     1.421419
    1.484257     1.492516     1.445725
    1.474471     1.467038     1.424155
    1.452270     1.452127     1.480971
    1.507947     1.395127     1.443628
    1.473101     1.443515     1.421045
    1.491020     1.400793     1.404614
    1.520222     1.444291     1.389530
    1.521121     1.424114     1.332450
    1.504063     1.445873     1.368819
    1.447229     1.416538     1.439545
    1.481813     1.392007     1.448425
    1.489258     1.413429     1.445327
    1.497564     1.425545     1.472084
    1.466780     1.444153     1.403685
    1.419621     1.449809     1.398681
    1.450316     1.442530     1.444632
    1.416385     1.472685     1.422625
    1.412864     1.552801     1.433802
    1.416606     1.511217     1.428437
    1.455759     1.605532     1.449392
    1.496899     1.607338     1.495205
    1.490174     1.610249     1.462553
    1.474105     1.565379     1.444591
    1.465085     1.580039     1.451870
    1.471824     1.590334     1.444809
    1.445605     1.557953     1.435506
    1.477754     1.540859     1.469789
    1.505688     1.547702     1.467535
    1.519370     1.515950     1.513711
    1.444988     1.543650     1.554750
    1.442039     1.546088     1.552516
    1.471239     1.601988     1.529755
    1.439407     1.628087     1.480937
    1.413264     1.576278     1.467078
    1.421232     1.604217     1.467466
    1.438765     1.618227     1.463755
    1.431092     1.642460     1.427463
    1.455188     1.681548     1.454956
    1.446661     1.681150     1.468444
    1.429380     1.716283     1.498575
    1.400946     1.679653     1.485077
    1.402811     1.692889     1.487395
    1.393578     1.690295     1.491845
    1.389315     1.658388     1.483824
    1.378613     1.675099     1.456171
    1.362363     1.624840     1.450844
    1.344590     1.577121     1.507602
    1.352312     1.604788     1.510373
    1.332057     1.578008     1.460428
    1.282752     1.624578     1.392111
    1.337196     1.632775     1.451494
    1.393742     1.619001     1.438375
    1.355773     1.602778     1.445744
    1.304467     1.564659     1.455021
    1.310778     1.622556     1.445144
    1.318086     1.598762     1.498715
    1.303747     1.645943     1.501920
    1.287446     1.594372     1.443428
    1.303602     1.600122     1.445717
    1.300972     1.613876     1.442356
    1.304464     1.593953     1.387838
    1.310380     1.610133     1.404562
    1.282260     1.545303     1.414293
    1.286269     1.608042     1.395540
    1.271487     1.577301     1.425926
    1.282936     1.613745     1.411255
    1.292695     1.601372     1.413096
    1.279709     1.645187     1.414247
    1.255178     1.596993     1.361877
    1.277366     1.584955     1.400762
    1.331466     1.650910     1.411857
    1.375388     1.666777     1.396696
    1.379253     1.690914     1.409510
    1.300296     1.670221     1.393529
    1.313388     1.665256     1.403983
    1.362884     1.677363     1.394878
    1.387318     1.697669     1.410262
    1.358854     1.783321     1.414125
    1.352802     1.738493     1.390988
    1.346107     1.727828     1.388204
    1.368872     1.665892     1.363949
    1.369236     1.701885     1.369853
    1.352460     1.721023     1.333566
    1.381615     1.718891     1.385517
    1.394479     1.718144     1.355356
    1.414956     1.722217     1.379252
    1.390277     1.677048     1.397927
    1.446699     1.661746     1.446823
    1.485780     1.683372     1.437783
    1.490303     1.724082     1.446187
    1.481773     1.674194     1.462942
    1.465791     1.653930     1.466444
    1.480492     1.643019     1.502226
    1.438019     1.616422     1.466828
    1.468772     1.675729     1.454651
    1.472961     1.660760     1.469613
    1.483815     1.708650     1.483572
    1.433594     1.648411     1.502987
    1.411511     1.679339     1.487083
    1.395028     1.667778     1.480874
    1.382348     1.614796     1.467623
    1.437945     1.649444     1.459638
    1.510096     1.673187     1.506164
    1.430539     1.663359     1.536301
    1.396667     1.661724     1.488805
    1.364181     1.641735     1.482903
    1.374562     1.630860     1.529932
    1.402629     1.608696     1.504166
    1.419738     1.632194     1.501500
    1.392432     1.659621     1.487723
    1.383098     1.654845     1.517802
    1.303268     1.681601     1.499879
    1.237540     1.646399     1.508580
    1.269004     1.669915     1.526755
    1.328229     1.654090     1.479733
    1.358951     1.617027     1.484909
    1.378427     1.627642     1.467591
    1.389793     1.645919     1.478359
    1.377857     1.652189     1.446839
    1.354225     1.595743     1.477005
    1.333624     1.631646     1.474239
    1.359182     1.613938     1.432249
    1.387635     1.625712     1.497004
    1.371185     1.610122     1.476549
    1.391843     1.585180     1.516424
    1.371121     1.552655     1.511528
    1.367869     1.546505     1.563962
    1.389439     1.574483     1.539178
    1.436304     1.600461     1.510760
    1.421941     1.587181     1.554676
    1.398760     1.659377     1.564507
    1.414470     1.623785     1.490679
    1.431228     1.665876     1.569327
    1.387630     1.650199     1.571252
    1.414425     1.649003     1.603753
    1.409130     1.665208     1.596913
    1.361270     1.631040     1.545549
    1.398675     1.640012     1.550740
    1.437825     1.629420     1.562966
    1.416377     1.666784     1.574624
    1.409108     1.671485     1.565005
    1.442323     1.681313     1.537582
    1.425694     1.689838     1.530591
    1.389576     1.707823     1.528651
    1.430150     1.667461     1.552826
    1.422857     1.711207     1.553144
    1.420879     1.658629     1.541345
    1.383525     1.671735     1.544699
    1.350519     1.614850     1.551543
    1.388528     1.613723     1.588978
    1.445093     1.586294     1.604014
    1.414233     1.560865     1.622071
    1.449504     1.594924     1.643751
    1.449055     1.589311     1.635160
    1.497646     1.581914     1.595206
    1.554414     1.643521     1.625586
    1.558209     1.638127     1.675353
    1.540918     1.560687     1.635370
    1.537920     1.541640     1.640296
    1.546137     1.525545     1.635795
    1.553305     1.520680     1.628388
    1.623085     1.520842     1.650618
    1.621639     1.511854     1.675424
    1.568925     1.517933     1.680676
    1.605943     1.500521     1.682562
    1.595811     1.498792     1.675053
    1.601688     1.471401     1.650713
    1.579437     1.501712     1.653817
    1.577687     1.534354     1.614053
    1.579875     1.485820     1.659886
    1.610829     1.470929     1.623513
    1.644483     1.508009     1.638297
    1.616814     1.491536     1.627532
    1.585471     1.508997     1.626066
    1.582718     1.475765     1.639564
    1.617589     1.455268     1.632970
    1.589026     1.524444     1.583316
    1.549987     1.517257     1.614631
    1.604555     1.446148     1.629367
    1.607303     1.486924     1.587574
    1.602966     1.461177     1.603968
    1.559034     1.374318     1.617203
    1.565855     1.372313     1.634369
    1.538187     1.342260     1.611006
    1.525766     1.313639     1.600956
    1.565097     1.349461     1.588304
    1.534887     1.362735     1.567954
    1.509582     1.392371     1.525559
    1.483067     1.390538     1.525905
    1.505511     1.424049     1.537871
    1.463602     1.361176     1.494623
    1.512933     1.395106     1.524518
    1.528502     1.424793     1.514659
    1.436338     1.391911     1.521976
    1.468689     1.404696     1.458929
    1.461551     1.416040     1.452361
    1.430176     1.400409     1.495645
    1.419248     1.387798     1.496771
    1.420084     1.367883     1.517797
    1.386363     1.367807     1.535745
    1.335733     1.408892     1.582547
    1.348998     1.375825     1.638184
    1.315705     1.362630     1.588868
    1.351338     1.362130     1.618062
    1.363605     1.330326     1.642474
    1.371410     1.361867     1.631300
    1.354433     1.414379     1.657155
    1.377277     1.434780     1.628461
    1.372346     1.423535     1.629104
    1.402734     1.436900     1.679872
    1.403872     1.374757     1.673335
    1.387905     1.372522     1.638510
    1.357295     1.432813     1.660356
    1.388543     1.439827     1.660505
    1.336875     1.439697     1.626043
    1.348783     1.436201     1.659280
    1.349584     1.485515     1.668488
    1.366855     1.551226     1.685991
    1.273032     1.535288     1.741640
    1.269521     1.487701     1.772162
    1.296764     1.534996     1.758019
    1.272108     1.534916     1.742171
    1.274768     1.528571     1.729495
    1.244981     1.512886     1.710965
    1.268049     1.502905     1.735814
    1.330796     1.507516     1.740266
    1.293637     1.512280     1.681153
    1.285159     1.502967     1.705516
    1.270548     1.475264     1.733985
    1.297919     1.492733     1.764725
    1.287898     1.508208     1.733564
    1.286840     1.509093     1.725160
    1.294148     1.466905     1.681090
    1.373441     1.425808     1.636896
    1.367992     1.445539     1.637396
    1.373209     1.463195     1.643794
    1.361956     1.506958     1.634282
    1.348217     1.510523     1.635462
    1.332783     1.476711     1.652767
    1.323482     1.490978     1.630121
    1.321618     1.501668     1.651805
    1.275233     1.495654     1.657035
    1.271641     1.524088     1.643943
    1.290851     1.496190     1.652081
    1.259367     1.490067     1.633940
    1.261054     1.490921     1.660589
    1.279203     1.410301     1.699997
    1.265907     1.441334     1.691287
    1.265371     1.447561     1.640823
    1.234158     1.497252     1.702944
    1.209525     1.445408     1.699707
    1.201414     1.453453     1.674750
    1.283203     1.424957     1.672863
    1.214317     1.413539     1.656633
    1.225798     1.466309     1.647284
    1.275964     1.482078     1.672575
    1.240496     1.526137     1.657603
    1.259917     1.494365     1.676481
    1.297176     1.481709     1.678897
    1.294471     1.485595     1.628839
    1.246562     1.511436     1.652365
    1.200022     1.527612     1.684216
    1.211768     1.496749     1.676241
    1.246145     1.451162     1.680258
    1.269788     1.463308     1.687092
    1.267275     1.493881     1.657085
    1.252573     1.478286     1.668727
    1.296591     1.465227     1.670852
    1.301400     1.511653     1.619315
    1.275088     1.523454     1.623919
    1.230112     1.497105     1.640306
    1.302079     1.478822     1.578024
    1.300086     1.494562     1.570055
    1.284329     1.523685     1.616981
    1.296369     1.512753     1.609761
    1.266948     1.497520     1.610261
    1.313787     1.504608     1.592401
    1.304327     1.457665     1.652457
    1.284310     1.512588     1.627976
    1.276074     1.501072     1.641672
    1.268471     1.508765     1.675061
    1.293970     1.515538     1.619941
    1.307462     1.462990     1.648583
    1.296928     1.455989     1.628913
    1.276069     1.515423     1.653082
    1.314736     1.526520     1.680995
    1.341790     1.507376     1.644888
    1.342676     1.491641     1.601876
    1.347671     1.527106     1.625213
    1.366735     1.507524     1.639656
    1.411226     1.499955     1.618923
    1.442430     1.550932     1.632153
    1.430113     1.550088     1.620874
    1.449113     1.506198     1.617524
    1.461361     1.541321     1.616129
    1.417344     1.444191     1.645495
    1.466139     1.465200     1.664791
    1.418932     1.472145     1.646931
    1.438436     1.515871     1.595687
    1.463389     1.514159     1.612322
    1.406654     1.500990     1.694865
    1.434948     1.483566     1.688264
    1.432561     1.515559     1.667132
    1.432299     1.476025     1.721226
    1.449316     1.502843     1.687280
    1.426641     1.520961     1.633963
    1.405783     1.496434     1.639994
    1.420342     1.525338     1.618265
    1.381452     1.527649     1.640789
    1.379834     1.529427     1.626047
    1.397467     1.499186     1.627003
    1.419294     1.552081     1.624830
    1.359807     1.495866     1.667328
    1.384814     1.485152     1.632657
    1.369858     1.556778     1.663582
    1.383944     1.616155     1.669594
    1.428306     1.558179     1.687481
    1.424137     1.573931     1.649242
    1.397036     1.576196     1.666792
    1.366579     1.573941     1.707750
    1.407882     1.556787     1.708869
    1.421908     1.580914     1.704104
    1.407047     1.562109     1.682692
    1.387560     1.516466     1.683894
    1.417558     1.527063     1.692456
    1.404328     1.508795     1.696643
    1.412524     1.577550     1.722687
    1.423417     1.579353     1.699514
    1.415277     1.544277     1.611853
    1.442783     1.531604     1.629751
    1.430152     1.532383     1.647670
    1.471257     1.544021     1.643667
    1.498049     1.533473     1.623925
    1.512592     1.563610     1.628713
    1.454888     1.513233     1.665911
    1.450024     1.531009     1.640738
    1.376123     1.500985     1.659142
    1.346704     1.531611     1.606726
    1.338101     1.490677     1.689028
    1.356342     1.511610     1.697340
    1.358715     1.537767     1.711939
    1.368659     1.525399     1.709355
    1.371238     1.559989     1.714912
    1.331130     1.535179     1.611733
    1.346121     1.508986     1.671610
    1.353266     1.517560     1.682620
    1.343352     1.502493     1.660633
    1.320011     1.472837     1.664654
    1.332888     1.477446     1.625187
    1.352881     1.485668     1.600919
    1.388516     1.491471     1.660895
    1.423017     1.509171     1.628923
    1.430682     1.511839     1.665221
    1.508956     1.522026     1.690847
    1.493557     1.560203     1.684814
    1.446431     1.541281     1.672466
    1.476962     1.541766     1.679439
    1.478038     1.531113     1.708588
    1.449599     1.548442     1.654014
    1.480147     1.537724     1.624697
    1.486020     1.543300     1.671999
    1.451863     1.572547     1.617677
    1.444566     1.538898     1.657028
    1.437889     1.568141     1.631095
    1.447131     1.527550     1.602379
    1.426006     1.535940     1.571304
    1.459300     1.532262     1.562993
    1.494375     1.506748     1.590907
    1.447888     1.475931     1.597577
    1.429505     1.441358     1.574497
    1.464756     1.481106     1.581103
    1.439869     1.452954     1.574679
    1.425902     1.449893     1.595824
    1.366901     1.482262     1.619497
    1.428861     1.471462     1.566766
    1.430227     1.468313     1.599437
    1.394760     1.477192     1.668943
    1.439347     1.465419     1.622633
    1.400903     1.511080     1.616351
    1.450154     1.493996     1.657600
    1.488820     1.465041     1.623490
    1.476623     1.488085     1.693660
    1.470625     1.442897     1.648284
    1.435784     1.483817     1.647098
    1.375294     1.430833     1.670880
    1.363497     1.423860     1.651030
    1.303877     1.421132     1.713681
    1.346035     1.453740     1.697110
    1.367018     1.470921     1.701140
    1.425760     1.514388     1.672659
    1.437951     1.575316     1.675009
    1.397714     1.540859     1.659849
    1.408613     1.534350     1.659705
    1.407759     1.514691     1.650710
    1.368324     1.530286     1.675437
    1.375182     1.549032     1.665005
    1.358059     1.510943     1.688674
    1.340977     1.517799     1.696073
    1.368100     1.482033     1.648406
    1.335343     1.518832     1.710458
    1.338722     1.559691     1.696589
    1.311177     1.574808     1.684601
    1.269737     1.574404     1.720266
    1.278902     1.581857     1.700017
    1.240699     1.545424     1.652875
    1.252170     1.589213     1.694126
    1.242481     1.571632     1.693803
    1.188029     1.575340     1.647611
    1.191929     1.605776     1.686456
    1.223048     1.595840     1.662203
    1.225841     1.598278     1.668606
    1.251110     1.518572     1.670874
    1.211865     1.556917     1.656642
    1.178366     1.583602     1.694422
    1.214893     1.549055     1.704481
    1.197792     1.532239     1.697320
    1.163505     1.490527     1.653077
    1.128767     1.458191     1.677803
    1.157612     1.516168     1.701174
    1.139499     1.524701     1.680280
    1.112445     1.503083     1.688695
    1.121170     1.548368     1.676768
    1.156679     1.522893     1.701149
    1.142708     1.535835     1.716473
    1.160753     1.571789     1.709869
    1.193399     1.534851     1.738829
    1.178291     1.546030     1.689304
    1.190232     1.530042     1.701572
    1.184108     1.505970     1.709005
    1.207674     1.508950     1.701878
    1.211149     1.533290     1.726480
    1.240285     1.560509     1.754658
    1.279982     1.520130     1.800734
    1.270971     1.544536     1.832604
    1.230604     1.590247     1.822142
    1.277744     1.540865     1.813718
    1.276730     1.499864     1.826626
    1.321281     1.504739     1.831304
    1.328641     1.501101     1.855902
    1.294454     1.479446     1.841405
    1.322110     1.466964     1.859297
    1.253692     1.460088     1.777332
    1.305060     1.503305     1.793777
    1.305098     1.514527     1.783380
    1.336401     1.523118     1.836180
    1.277657     1.548646     1.819410
    1.314850     1.522806     1.819268
    1.318946     1.514186     1.875999
    1.384362     1.507161     1.856982
    1.349697     1.532351     1.824632
    1.387303     1.534559     1.865634
    1.409925     1.522740     1.867395
    1.371419     1.505685     1.885755
    1.371769     1.559465     1.902594
    1.381061     1.593197     1.903654
    1.383441     1.627810     1.873298
    1.433167     1.563783     1.908133
    1.430171     1.567639     1.966698
    1.430255     1.503665     2.039862
    1.421300     1.482614     2.021698
    1.410410     1.517163     1.997313
    1.402574     1.471303     1.993422
    1.463673     1.544523     1.994632
    1.453053     1.564412     1.973869
    1.440131     1.539087     1.978868
    1.433146     1.517732     2.037505
    1.438543     1.517239     2.038651
    1.469069     1.545805     2.024167
    1.514034     1.523721     2.103643
    1.476519     1.551574     2.047827
    1.477108     1.565094     2.066065
    1.470743     1.551780     2.063661
    1.455289     1.547776     2.095060
    1.459040     1.513685     2.080308
    1.438137     1.572018     2.071020
    1.471261     1.555404     2.067243
    1.430515     1.577491     2.074152
    1.423438     1.567531     2.064041
    1.436542     1.605229     2.048895
    1.428793     1.625302     2.020405
    1.435583     1.578957     1.988515
    1.387847     1.633934     1.985763
    1.404342     1.638855     2.018618
    1.382336     1.650760     2.006040
    1.363990     1.590274     2.020462
    1.411952     1.617348     1.975904
    1.434526     1.616257     1.976768
    1.424648     1.619234     1.938924
    1.410484     1.632622     1.955455
    1.425914     1.617522     2.018521
    1.464658     1.645343     1.975799
    1.482755     1.589128     1.991654
    1.493416     1.662617     2.045090
    1.517818     1.668463     2.017544
    1.462160     1.681411     2.014100
    1.439854     1.646455     2.017496
    1.446121     1.652847     2.004841
    1.475813     1.670803     2.024099
    1.403375     1.651299     2.039306
    1.415266     1.651889     1.982906
    1.462515     1.643659     2.007725
    1.498643     1.669136     1.995064
    1.485078     1.708606     1.984703
    1.489161     1.777760     1.977300
    1.386964     1.734949     1.986009
    1.380014     1.704620     1.986877
    1.444620     1.725599     1.996006
    1.383995     1.765746     2.002606
    1.370904     1.741845     2.065323
    1.365918     1.707422     1.980305
    1.380931     1.742719     2.004919
    1.398534     1.714614     1.979874
    1.432154     1.676601     1.953220
    1.373582     1.742994     1.938343
    1.387922     1.793554     1.963859
    1.376679     1.716758     1.999401
    1.394617     1.664681     2.029073
    1.349581     1.721116     1.972882
    1.372948     1.703439     1.965971
    1.388871     1.769863     1.999290
    1.391118     1.735001     1.976315
    1.412539     1.737022     2.016304
    1.428876     1.756832     2.009070
    1.433843     1.706837     1.989269
    1.395474     1.728847     1.987494
    1.362381     1.702362     1.985242
    1.349536     1.678445     1.946174
    1.340649     1.723900     1.952273
    1.389196     1.759926     1.969392
    1.386066     1.755926     1.952698
    1.421726     1.740250     1.990497
    1.403746     1.790499     2.035429
    1.395970     1.793664     2.035544
    1.428671     1.774655     2.022085
    1.430711     1.788283     2.017971
    1.413579     1.899346     1.968010
    1.408316     1.866996     1.991213
    1.408542     1.806339     2.001026
    1.393436     1.781052     2.048437
    1.382937     1.778422     2.043678
    1.388809     1.851432     2.014873
    1.382362     1.874433     2.015211
    1.375044     1.843983     1.999441
    1.386715     1.831962     1.983524
    1.364285     1.871617     2.000764
    1.373305     1.893036     2.007466
    1.334296     1.886566     2.004004
    1.344849     1.855410     1.968393
    1.337496     1.867703     2.000249
    1.352979     1.876522     2.000561
    1.309554     1.819023     1.992795
    1.301065     1.851041     2.059240
    1.310440     1.826007     2.043701
    1.332839     1.893503     2.032893
    1.348300     1.932363     2.048390
    1.287485     1.880349     2.023572
    1.299029     1.889990     2.020444
    1.286801     1.915410     2.022937
    1.220566     1.926154     2.002199
    1.199187     1.918936     1.953129
    1.225093     1.938341     1.959812
    1.234591     1.976015     2.000347
    1.229634     1.982664     2.000762
    1.213582     1.958664     1.987160
    1.198839     1.988549     1.967771
    1.208137     1.958619     1.976413
    1.192370     1.915284     1.965298
    1.191149     1.951019     1.937518
    1.196716     1.941430     1.907351
    1.174458     1.904548     1.937484
    1.213223     1.957220     1.917745
    1.211784     1.933572     1.949499
    1.171144     1.936460     1.887091
    1.175044     1.920292     1.953448
    1.212748     1.895560     1.950176
    1.231249     1.903622     1.950307
    1.222180     1.887446     1.962915
    1.232891     1.869863     1.976255
    1.225125     1.869903     1.926997
    1.198104     1.860315     1.902009
    1.177202     1.883105     1.916354
    1.223323     1.862729     1.929693
    1.190513     1.839927     1.942474
    1.175541     1.859520     1.959779
    1.187790     1.821453     1.932388
    1.196968     1.833024     1.934129
    1.206433     1.808248     1.940988
    1.221028     1.815047     1.949769
    1.193644     1.825077     1.893722
    1.176504     1.838088     1.905817
    1.225264     1.806749     1.878315
    1.237056     1.828731     1.885774
    1.234354     1.814628     1.903888
    1.212154     1.818706     1.954376
    1.161769     1.844795     1.873537
    1.169639     1.784631     1.897821
    1.158322     1.791905     1.839313
    1.184246     1.766693     1.847769
    1.151950     1.791497     1.825819
    1.203788     1.812390     1.867105
    1.239753     1.812023     1.869251
    1.173610     1.805144     1.888964
    1.145945     1.804154     1.878271
    1.116064     1.807122     1.865029
    1.101245     1.796721     1.883114
    1.090203     1.859586     1.890150
    1.134480     1.885047     1.877410
    1.096233     1.877797     1.902732
    1.114887     1.830623     1.900374
    1.110366     1.823348     1.877144
    1.105815     1.824479     1.874677
    1.077061     1.804041     1.899737
    1.101655     1.835152     1.896909
    1.092576     1.869472     1.935635
    1.103240     1.848246     1.968070
    1.097176     1.867017     1.969517
    1.133377     1.902947     1.924531
    1.122546     1.875915     1.876810
    1.111375     1.849462     1.909474
    1.080211     1.798275     1.889992
    1.146259     1.807187     1.895118
    1.149915     1.825235     1.894880
    1.170254     1.802189     1.874891
    1.178344     1.780721     1.884839
    1.145526     1.829021     1.853198
    1.141388     1.829840     1.858560
    1.173392     1.805473     1.847668
    1.209129     1.800772     1.855028
    1.172188     1.825241     1.826403
    1.162198     1.828935     1.865466
    1.139077     1.822892     1.814421
    1.168951     1.841399     1.782443
    1.150017     1.854550     1.821351
    1.161930     1.838152     1.801442
    1.193258     1.878720     1.769196
    1.181974     1.855054     1.789437
    1.164233     1.816290     1.744296
    1.149317     1.848856     1.719031
    1.147721     1.781927     1.762131
    1.104462     1.813435     1.782562
    1.010908     1.846562     1.760826
    0.998573     1.883165     1.778988
    1.014862     1.815407     1.776645
    1.008839     1.813826     1.794202
    1.079947     1.816019     1.797437
    1.074102     1.714707     1.786154
    1.044452     1.747141     1.813364
    1.034259     1.792108     1.808059
    1.000822     1.718091     1.819813
    0.962006     1.760343     1.811496
    0.996081     1.783953     1.814571
    1.009275     1.778846     1.817455
    0.915184     1.811833     1.889548
    0.916099     1.830969     1.923208
    0.975620     1.785606     1.878849
    0.930091     1.821525     1.921077
    0.901441     1.809042     1.937999
    0.937983     1.826603     1.952498
    0.939438     1.824424     1.907074
    0.894506     1.804909     1.862452
    0.925138     1.791009     1.886990
    0.902255     1.803530     1.924931
    0.933467     1.783109     1.947721
    0.931061     1.787156     1.929991
    0.970318     1.804257     1.933298
    0.958886     1.788394     1.928158
    0.945497     1.780019     1.896656
    0.906475     1.778369     1.856725
    0.873743     1.717168     1.918369
    0.921252     1.713486     1.939673
    0.968313     1.716591     1.868234
    1.040227     1.804982     1.778507
    1.054192     1.749101     1.789523
    1.052341     1.738688     1.803898
    1.054075     1.723010     1.778777
    1.100732     1.748332     1.736429
    1.157650     1.754480     1.727122
    1.153098     1.772179     1.766290
    1.172605     1.720717     1.797726
    1.211515     1.731892     1.828506
    1.202444     1.695811     1.786445
    1.147969     1.627014     1.801067
    1.137671     1.653777     1.814526
    1.146223     1.690344     1.812491
    1.159463     1.662359     1.816567
    1.149606     1.692266     1.837497
    1.144952     1.732812     1.835443
    1.178467     1.729376     1.828743
    1.205031     1.779956     1.832787
    1.199381     1.728565     1.824358
    1.175341     1.786888     1.868567
    1.195200     1.788421     1.882746
    1.262998     1.766043     1.882797
    1.232225     1.736500     1.868136
    1.153699     1.745561     1.867719
    1.212916     1.808383     1.903314
    1.240463     1.818781     1.903250
    1.216892     1.762536     1.913191
    1.181805     1.750886     1.871429
    1.173680     1.841978     1.904714
    1.195324     1.852209     1.897464
    1.227582     1.846251     1.860972
    1.165229     1.861288     1.900543
    1.141028     1.816044     1.885109
    1.179258     1.846043     1.832630
    1.224970     1.847949     1.861916
    1.251727     1.872435     1.905950
    1.240636     1.859445     1.898198
    1.215169     1.891203     1.941715
    1.241959     1.891966     1.987372
    1.240159     1.872220     1.955843
    1.262175     1.879297     1.921739
    1.297051     1.907308     1.912921
    1.287726     1.865015     1.910801
    1.265316     1.837185     1.880449
    1.234772     1.840737     1.932274
    1.201606     1.810705     1.917692
    1.198474     1.840798     1.955634
    1.168578     1.786578     1.955060
    1.225629     1.769933     1.976454
    1.266890     1.774878     1.953892
    1.277364     1.716280     1.999222
    1.224907     1.679979     2.052256
    1.243021     1.663209     2.060777
    1.250085     1.641515     2.060360
    1.271849     1.669910     2.039385
    1.240378     1.697159     2.064595
    1.303864     1.719032     2.038069
    1.285077     1.732509     2.087996
    1.272391     1.719145     2.020736
    1.246696     1.735822     1.961104
    1.254989     1.726807     1.984688
    1.215354     1.731560     1.949924
    1.256021     1.730977     1.959088
    1.241748     1.766868     1.980391
    1.260956     1.729324     2.037223
    1.271499     1.729790     2.096287
    1.245938     1.735961     2.092895
    1.237612     1.733885     2.094860
    1.226958     1.751409     2.050481
    1.268061     1.782924     2.007752
    1.259580     1.775281     2.050601
    1.245933     1.800332     2.058336
    1.279818     1.780553     2.090099
    1.276530     1.724590     2.037381
    1.261665     1.795226     2.105350
    1.263830     1.794684     2.078559
    1.250303     1.796059     2.101289
    1.264367     1.768923     2.061324
    1.270265     1.779631     2.011844
    1.248473     1.791090     2.022274
    1.234968     1.789904     1.995772
    1.254576     1.825487     2.029095
    1.272351     1.818533     2.072901
    1.259104     1.810677     2.044253
    1.276708     1.846098     2.080883
    1.293642     1.864831     2.070565
    1.307383     1.864999     2.094936
    1.357864     1.887693     2.115660
    1.377294     1.910527     2.123877
    1.356890     1.920546     2.100432
    1.335441     1.890111     2.109052
    1.301583     1.874696     2.077728
    1.224393     1.888343     2.046885
    1.251268     1.912433     2.032499
    1.333471     1.946322     2.090815
    1.314974     1.931558     2.080737
    1.309172     1.930702     2.049660
    1.282486     1.924425     2.059012
    1.225359     1.972882     2.076813
    1.219125     2.009536     2.064226
    1.245113     1.953692     2.056707
    1.244522     1.947197     2.032165
    1.248733     1.946539     2.053705
    1.295327     1.966748     2.075648
    1.267291     1.988504     2.040356
    1.281066     2.000329     2.046192
    1.283847     1.980122     1.994220
    1.236363     1.991956     2.018841
    1.217876     2.004477     2.034955
    1.225688     1.995719     2.007525
    1.253776     1.999379     1.991111
    1.261291     1.944263     2.044289
    1.281639     1.939030     2.051019
    1.248628     2.022330     2.049217
    1.232751     1.972221     2.024806
    1.265830     1.994765     2.058766
    1.234726     1.906615     2.056194
    1.239889     1.911598     2.007648
    1.279892     1.895986     1.977579
    1.265809     1.882836     1.954383
    1.295868     1.848782     1.986629
    1.251232     1.907264     1.966717
    1.237386     1.932389     2.002887
    1.215722     1.986945     2.059756
    1.186344     1.995224     2.028951
    1.171450     1.952204     1.984064
    1.216356     1.972556     2.034984
    1.190033     2.029535     2.019428
    1.203957     2.008871     2.020809
    1.125424     1.999505     1.978918
    1.105386     2.014809     1.967191
    1.199970     1.979621     1.962131
    1.200660     1.966766     1.959472
    1.181010     1.965576     1.981810
    1.149443     1.966475     1.957589
    1.159479     1.967579     2.012733
    1.168246     1.920900     1.977506
    1.128967     1.903729     1.940072
    1.119045     1.938972     1.926144
    1.156052     1.936879     1.954708
    1.150456     1.957427     1.923818
    1.196858     1.994639     1.904497
    1.213954     1.960923     1.910941
    1.176061     1.964322     1.900569
    1.128176     1.991173     1.939336
    1.167494     2.006776     1.905722
    1.123786     2.038766     1.922207
    1.182893     1.998161     1.911612
    1.180840     1.937117     1.952332
    1.180923     1.961642     1.958976
    1.130167     1.991716     1.957490
    1.144625     1.950805     1.931443
    1.139565     1.968566     1.909242
    1.106566     1.954451     1.936112
    1.110412     1.953811     1.947685
    1.096177     1.921897     1.955402
    1.115431     1.926907     1.935514
    1.087221     1.919643     1.934303
    1.087944     1.913262     1.939926
    1.098885     1.936810     1.894989
    1.090189     1.920446     1.923970
    1.102727     1.884692     1.882360
    1.074995     1.885011     1.870096
    1.018749     1.903356     1.841483
    1.011985     1.861599     1.891744
    1.058130     1.858385     1.852678
    1.094311     1.834998     1.878396
    1.139921     1.815017     1.901294
    1.071483     1.791065     1.890715
    1.015062     1.819581     1.895131
    1.086751     1.836707     1.945653
    1.103431     1.826055     1.962222
    1.120229     1.774753     1.934811
    1.099302     1.784938     1.963045
    1.074875     1.736767     1.956473
    1.116198     1.801299     1.983093
    1.120577     1.736665     1.993428
    1.150683     1.781690     1.975978
    1.167372     1.802009     1.966825
    1.178573     1.831669     1.921042
    1.185100     1.796238     1.966010
    1.170720     1.800950     1.974864
    1.155217     1.797795     1.996366
    1.180531     1.809907     2.011647
    1.244340     1.805801     2.016966
    1.203501     1.830530     1.988119
    1.187493     1.823776     1.963716
    1.200754     1.850256     1.952415
    1.178857     1.836905     1.946980
    1.155213     1.823970     1.920300
    1.187112     1.782278     1.904773
    1.188954     1.812924     1.967563
    1.213184     1.866437     1.961518
    1.251311     1.898507     1.963346
    1.212237     1.911358     1.963000
    1.225064     1.995950     1.972977
    1.199300     2.030036     1.999495
    1.191572     2.045323     2.012214
    1.177651     2.052016     1.951591
    1.209248     2.017130     1.971018
    1.245949     2.032405     1.934671
    1.222385     2.026667     1.924008
    1.202276     1.939550     1.921282
    1.235892     1.961889     1.949898
    1.252236     1.984398     1.961649
    1.243523     1.996074     1.978951
    1.240765     1.975421     1.978782
    1.237659     1.984171     1.981555
    1.213012     2.000278     1.970217
    1.141946     1.993097     1.995814
    1.174166     2.021880     2.023777
    1.171475     2.010801     2.032253
    1.152569     2.070708     2.019423
    1.204521     2.032381     2.015524
    1.139297     2.051542     2.047742
    1.182272     2.060531     1.995401
    1.183257     2.070308     2.055804
    1.172533     2.106845     2.071210
    1.212381     2.079156     2.077546
    1.230219     2.038849     2.095044
    1.133061     2.056955     2.078029
    1.126757     2.067342     2.088889
    1.117910     2.029486     2.066289
    1.155428     2.079715     2.093258
    1.136111     2.066579     2.097056
    1.129320     2.060654     2.096397
    1.120770     2.067042     2.065181
    1.172682     2.055696     2.054817
    1.148746     2.069172     2.081041
    1.158181     2.040171     2.077759
    1.173664     2.041796     2.051821
    1.180478     2.058109     2.032739
    1.210768     2.032313     2.038385
    1.239352     2.058792     2.036997
    1.198686     2.061879     2.102823
    1.180010     2.053592     2.065872
    1.219669     2.040553     2.057339
    1.277663     2.005195     2.100117
    1.288102     1.985781     2.102489
    1.279052     2.024085     2.158206
    1.316809     2.002452     2.140256
    1.233784     1.952960     2.158694
    1.257290     1.942570     2.227621
    1.239754     1.951195     2.174296
    1.211213     1.935502     2.253336
    1.219485     1.953665     2.166903
    1.154840     1.988288     2.156487
    1.247242     1.975450     2.195486
    1.229951     1.957721     2.211207
    1.221991     1.970665     2.200412
    1.183858     1.957874     2.191248
    1.210036     1.996733     2.153624
    1.186740     1.983804     2.151652
    1.209867     1.981831     2.183715
    1.188281     1.947223     2.187026
    1.220466     1.979863     2.173807
    1.207305     2.007901     2.126906
    1.253618     1.974230     2.130154
    1.234639     1.973115     2.080623
    1.202453     1.971542     2.092805
    1.204263     1.944152     2.086480
    1.193451     1.931851     2.036987
    1.193429     1.891698     2.056679
    1.192616     1.907240     1.993065
