#"Progress (%)"	"Step"	"Potential Energy (kJ/mole)"	"Temperature (K)"	"Speed (ns/day)"
1.0%	1000	-36174.03347340517	306.5889770807075	0
2.0%	2000	-36135.015738369664	297.88372418545447	850
3.0%	3000	-36117.46820296737	295.61575160040553	847
4.0%	4000	-36012.34028213273	297.78768625840024	849
5.0%	5000	-36248.560837687226	301.5178369745656	849
6.0%	6000	-36080.328979224956	294.4522843481358	851
7.0%	7000	-36376.28214319912	296.22864014035866	851
8.0%	8000	-36201.717703945294	298.5406058985611	851
9.0%	9000	-36339.65326931921	294.4680001483567	850
10.0%	10000	-36318.94282626093	299.4749766264839	849
11.0%	11000	-36086.638194080326	297.04220948841436	848
12.0%	12000	-36111.94470782945	292.86449048990136	848
13.0%	13000	-36066.76941775944	294.4150423285982	848
14.0%	14000	-36340.78706659569	302.5344112983622	848
15.0%	15000	-36122.808803396474	295.41064380632525	847
16.0%	16000	-36183.937665413716	294.17053435931615	847
17.0%	17000	-36036.743928505166	293.8731792449251	846
18.0%	18000	-36068.78968597611	290.44187775091825	847
19.0%	19000	-36096.34175339388	291.5627906004772	847
20.0%	20000	-36354.79981019272	295.678061428042	847
21.0%	21000	-36033.047568863025	293.7231044202804	847
22.0%	22000	-36078.33593415149	309.48873590210184	847
23.0%	23000	-36524.93514815648	298.8744836472684	847
24.0%	24000	-35849.37725896953	296.02051646208105	847
25.0%	25000	-36143.3854323987	296.0938937546618	847
26.0%	26000	-35995.569324322336	307.3919216624166	848
27.0%	27000	-35881.0307253956	312.4057599688094	848
28.0%	28000	-36288.63994366303	306.4493056731104	849
29.0%	29000	-35992.591409528395	296.41006355945814	849
30.0%	30000	-36190.49098101078	304.16401250542367	849
31.0%	31000	-36468.52073596814	298.295627562019	849
32.0%	32000	-36463.55227799463	313.03270418924177	849
33.0%	33000	-36265.00742309011	302.57591429190336	849
34.0%	34000	-36094.29363852338	286.42222982047224	849
35.0%	35000	-36067.841133554524	294.0066528721534	849
36.0%	36000	-36535.748431558255	306.2062641429335	849
37.0%	37000	-36110.46642207849	300.46866896650806	849
38.0%	38000	-36132.095829912054	304.1847086648695	850
39.0%	39000	-36378.29706623347	300.37617262823613	850
40.0%	40000	-36029.919256126275	294.8583219682798	850
41.0%	41000	-36257.98085386236	297.514707235549	850
42.0%	42000	-36113.5022608118	294.65490196260356	850
43.0%	43000	-35992.91157067899	304.57768667637936	850
44.0%	44000	-35971.986751356686	303.99537200833487	850
45.0%	45000	-35948.793362254626	311.65748866392505	850
46.0%	46000	-36247.6022993502	313.798379082751	850
47.0%	47000	-36125.94623221044	299.89437821054827	850
48.0%	48000	-36295.15648168838	294.3094033757048	850
49.0%	49000	-36331.81634922	297.0276557720126	849
50.0%	50000	-35785.29184323532	307.173283892442	849
51.0%	51000	-36115.2482980034	295.560414275684	849
52.0%	52000	-36298.36044364178	304.76854510934385	849
53.0%	53000	-35964.38698534609	303.4361330046993	849
54.0%	54000	-35765.78345603525	296.20005841214004	849
55.0%	55000	-36111.10453004623	306.9146372366936	849
56.0%	56000	-36340.99927889032	297.18680591791167	849
57.0%	57000	-35822.25158394867	294.0562904524286	849
58.0%	58000	-36025.73918846919	299.47436791591196	849
59.0%	59000	-36040.45277428464	298.0545228382074	849
60.0%	60000	-36333.72118081141	293.96764005822473	849
61.0%	61000	-36249.08637538564	298.8806537589748	849
62.0%	62000	-35939.15736523905	305.7461342878741	849
63.0%	63000	-36143.645672428305	303.5991844319912	849
64.0%	64000	-36531.74042855995	304.56280093602925	849
65.0%	65000	-35929.69607468386	294.7815967675534	849
66.0%	66000	-36049.01636270934	295.2858858077406	849
67.0%	67000	-36399.85277112981	296.10211134738296	849
68.0%	68000	-36403.57141118153	303.2322979690876	849
69.0%	69000	-36017.41306371684	304.0821962708229	848
70.0%	70000	-35721.48398999922	303.68318649091844	848
71.0%	71000	-36035.86817500874	299.81950681020004	848
72.0%	72000	-36134.799909227644	299.31020974212555	848
73.0%	73000	-36428.39164460497	301.2708941629959	848
74.0%	74000	-36029.1466026312	306.2511427132826	848
75.0%	75000	-36373.81502997596	307.2823814281304	848
76.0%	76000	-36106.436947121285	294.6892664412556	848
77.0%	77000	-35794.09783747833	293.9717903575788	848
78.0%	78000	-36017.84768651397	303.4352199388414	847
79.0%	79000	-35952.702914441295	302.73998945970266	847
80.0%	80000	-36036.227992326254	292.9100884454719	847
81.0%	81000	-36105.74199268501	302.3016625105835	847
82.0%	82000	-36066.13462311111	298.79133931687437	847
83.0%	83000	-36160.54296274361	309.3900417834611	847
84.0%	84000	-36228.53054647887	301.2487592331073	847
85.0%	85000	-36114.34380977118	291.37082542101825	847
86.0%	86000	-36025.756527734746	287.79567455139784	846
87.0%	87000	-36226.805929699854	300.6966310756984	846
88.0%	88000	-36220.16468430066	306.9279181946268	846
89.0%	89000	-36355.07863480557	301.1632630664126	846
90.0%	90000	-36019.66561021103	298.5367322858307	846
91.0%	91000	-36197.108303035435	302.5027583486215	846
92.0%	92000	-36409.57194950018	304.149154433736	846
93.0%	93000	-35936.49991375476	296.683706630206	846
94.0%	94000	-36195.487480157404	297.2017469955865	846
95.0%	95000	-36249.70287349512	311.8677981665292	846
96.0%	96000	-36260.786743454984	295.77396101178437	846
97.0%	97000	-36279.44161513331	308.1814746115432	846
98.0%	98000	-36193.44821894687	306.1560731894111	846
99.0%	99000	-36113.92194597813	304.7462441674811	846
100.0%	100000	-35984.86402302806	304.1165884181374	846
