#"Progress (%)"	"Step"	"Potential Energy (kJ/mole)"	"Temperature (K)"	"Density (g/mL)"	"Speed (ns/day)"
0.5%	100	-385295.48906558775	302.0560299593561	1.0116558435189087	0
1.0%	200	-385507.18995863106	299.65679138768365	1.0153896481437257	290
1.5%	300	-385601.96342220274	299.1293459997329	1.017002145160063	306
2.0%	400	-384234.37748470274	298.19928737851285	1.017002145160063	313
2.5%	500	-384459.97904720274	301.5699130718275	1.017002145160063	313
3.0%	600	-384144.93832769804	299.01183838157215	1.017708690528459	313
3.5%	700	-384346.93051519804	299.7597680704887	1.017708690528459	316
4.0%	800	-384688.48520269804	301.2087661662805	1.017708690528459	316
4.5%	900	-385169.49301519804	300.8451383693314	1.017708690528459	316
5.0%	1000	-385614.13853065064	300.5046064899597	1.0200269374419064	315
5.5%	1100	-385105.79478065064	301.11236581465266	1.0200269374419064	316
6.0%	1200	-384793.91978065064	299.5366059819777	1.0200269374419064	316
6.5%	1300	-384720.5730211653	299.1677998164668	1.0210070119613772	315
7.0%	1400	-384567.9733246651	303.0481305552451	1.0210129750025043	316
7.5%	1500	-384184.3262822656	302.90616843611997	1.0212448765878472	316
8.0%	1600	-383999.7012822656	302.53734258099473	1.0212448765878472	317
8.5%	1700	-384421.2011582635	303.06988757905003	1.0197911606427104	317
9.0%	1800	-384460.9745957635	302.8894716431909	1.0197911606427104	317
9.5%	1900	-383690.92083465215	298.4746072553128	1.0216593212822216	317
10.0%	2000	-383531.26458465215	301.29658184607223	1.0216593212822216	316
10.5%	2100	-384227.9225397948	300.2530322880093	1.028456858724824	317
11.0%	2200	-385049.5401764179	301.5518380058973	1.0292609692236254	317
11.5%	2300	-385481.4192270383	301.12654233695093	1.0274777023714425	317
12.0%	2400	-385063.6616993949	301.7569053388638	1.0253792459478877	317
12.5%	2500	-385193.0677080108	304.80298711962087	1.0248063054866094	317
13.0%	2600	-385234.91120719747	302.7369952700279	1.0236653808501484	317
13.5%	2700	-385371.11433219747	301.0547343135876	1.0236653808501484	317
14.0%	2800	-385597.3125565902	298.2972235200564	1.0267044151459592	316
14.5%	2900	-385251.91644663014	298.9487922365737	1.0273556549288523	317
15.0%	3000	-385985.9112876146	299.4343381252875	1.026019171250409	317
15.5%	3100	-385302.3409751146	298.95910959446854	1.026019171250409	317
16.0%	3200	-385460.5909751146	302.0048172725538	1.026019171250409	317
16.5%	3300	-384803.05180357373	302.05577399437016	1.025624407238529	316
17.0%	3400	-385584.37992857373	301.1715527952477	1.025624407238529	316
17.5%	3500	-384981.0922297917	301.17001700533206	1.0252931244991175	316
18.0%	3600	-384331.4449303984	296.67192461779484	1.0240038409378602	316
18.5%	3700	-384335.78962909547	299.2378160849285	1.024066999329407	316
19.0%	3800	-385006.82087909547	299.0799644470608	1.024066999329407	315
19.5%	3900	-385055.11775409547	298.0768770463907	1.024066999329407	315
20.0%	4000	-385568.7475493669	298.87720079896775	1.0240266333704215	315
20.5%	4100	-385163.8647368669	299.6913860400141	1.0240266333704215	316
21.0%	4200	-385041.4506743669	300.28290143290707	1.0240266333704215	316
21.5%	4300	-385026.14489771775	300.9715456931571	1.0268899210404068	316
22.0%	4400	-385467.75724798674	304.9121266517028	1.024475439397869	316
22.5%	4500	-385417.95545011107	302.74882872822405	1.0201451813486435	316
23.0%	4600	-385231.12911009905	300.18470932637763	1.0209693683939183	316
23.5%	4700	-384229.66036009905	300.4664086382117	1.0209693683939183	316
24.0%	4800	-385174.9748607876	301.9905423021841	1.0231895673691542	316
24.5%	4900	-385800.2609329524	299.53136854457307	1.027235774186344	316
25.0%	5000	-385620.0821089989	298.39927479098924	1.0283915164629684	315
25.5%	5100	-385138.85742837656	299.37009091381657	1.0288788268846403	316
26.0%	5200	-385368.3900432002	304.11564237391485	1.0296449945497907	316
26.5%	5300	-385248.0197792365	301.0810593279108	1.028266473573062	315
27.0%	5400	-385830.6135292365	301.34598308835865	1.028266473573062	315
27.5%	5500	-385734.8635292365	299.54343827814085	1.028266473573062	315
28.0%	5600	-385826.1447792365	303.92227067184433	1.028266473573062	315
28.5%	5700	-385699.0073810078	302.71025677380436	1.0284417431611856	315
29.0%	5800	-386301.16710821376	300.8890068299986	1.028371684870296	315
29.5%	5900	-386819.6983681177	299.16667750845147	1.0277603922227212	315
30.0%	6000	-386751.8659077594	302.0053882713686	1.0281187243544554	315
30.5%	6100	-385492.6627827594	298.4368622646938	1.0281187243544554	315
31.0%	6200	-386283.3883845061	301.85113983291836	1.0277571292240921	315
31.5%	6300	-385815.55124210496	302.0218290993117	1.0274579575591345	315
32.0%	6400	-385965.431792272	300.6372160422909	1.0285203198000556	315
32.5%	6500	-385535.08960186807	298.553621677511	1.0288437768766299	315
33.0%	6600	-385412.72241436807	297.97675535765956	1.0288437768766299	315
33.5%	6700	-385858.6350380189	300.3030045291105	1.0293964286219537	315
34.0%	6800	-386323.8984480167	300.90060401282307	1.0258909262189209	315
34.5%	6900	-386064.48178211483	300.06818618893203	1.0285944395321016	315
35.0%	7000	-386136.3970864981	302.0644374246635	1.0277673040029218	315
35.5%	7100	-386565.4533727674	301.71368663546855	1.0298765477032552	315
36.0%	7200	-385368.7971227674	298.42961648663027	1.0298765477032552	315
36.5%	7300	-386309.61090278253	300.8829030495647	1.0305030752134654	315
37.0%	7400	-386362.3729800724	300.567317911515	1.0299714180684854	315
37.5%	7500	-386297.2714175724	300.7665768082621	1.0299714180684854	315
38.0%	7600	-386819.30771578685	300.6772647177833	1.034229552700837	315
38.5%	7700	-386187.17237471626	297.41516817850726	1.0339680725148457	315
39.0%	7800	-386984.60206221626	299.69274462340104	1.0339680725148457	315
39.5%	7900	-386945.7213021093	298.2600298386379	1.0356251383562363	315
40.0%	8000	-387139.71014855825	299.5514716407765	1.035661586901969	315
40.5%	8100	-386636.7262933098	302.753180132985	1.0332792860172124	315
41.0%	8200	-385339.70432820637	300.87120741866863	1.0326159472933347	315
41.5%	8300	-385942.46995320637	301.39585688138834	1.0326159472933347	315
42.0%	8400	-385412.62620320637	299.29379365839213	1.0326159472933347	315
42.5%	8500	-385365.453927926	298.9002376477023	1.0325098064041376	315
43.0%	8600	-385006.8436672664	299.4887799088355	1.0288510949938785	315
43.5%	8700	-385533.48785669124	301.46248653618994	1.0283623267293056	315
44.0%	8800	-385035.9250545567	299.652853464823	1.027620880679652	315
44.5%	8900	-385145.4387882347	300.3964908178215	1.026368237658516	316
45.0%	9000	-385024.4402730712	300.5123641979951	1.0272018665287714	316
45.5%	9100	-384962.80487475265	298.00491150611293	1.0306370238242573	316
46.0%	9200	-385666.6056361443	296.93753751474327	1.0312218367707768	316
46.5%	9300	-385251.45560117136	300.61217085289735	1.0319284188173188	316
47.0%	9400	-384892.24435717636	303.1040884390944	1.0283422648770326	316
47.5%	9500	-385108.28287328733	304.62936410069636	1.0288328925901367	316
48.0%	9600	-384938.8490791854	303.2447904229042	1.0251144362064386	316
48.5%	9700	-384777.26254197	304.00364784775894	1.0258408864874553	316
49.0%	9800	-384720.6726756566	299.76256399571974	1.0275327742428557	316
49.5%	9900	-384782.3054881566	301.30825778735397	1.0275327742428557	316
50.0%	10000	-384916.0789256566	300.3897175905013	1.0275327742428557	316
50.5%	10100	-385679.33083862136	300.76578922369	1.026296915216819	316
51.0%	10200	-385282.88620833936	301.4377760702396	1.0299362477803506	316
51.5%	10300	-384809.29354460305	299.0350327472212	1.0274339615309662	316
52.0%	10400	-385051.5815439471	305.06798963852594	1.026942342157798	316
52.5%	10500	-384601.54338009376	302.2244352304903	1.0308946775043024	316
53.0%	10600	-385356.9693516055	302.6206296494968	1.0297564313077312	316
53.5%	10700	-385318.5811138267	304.09896527060016	1.028053967006744	316
54.0%	10800	-385696.72246833984	305.21050306685163	1.0280062827089052	316
54.5%	10900	-385425.3776786125	303.35379212768606	1.0286506345014992	316
55.0%	11000	-385549.04039002466	304.5544254286589	1.0279711160667813	316
55.5%	11100	-384752.3928997121	301.61736504229793	1.0292905646589063	316
56.0%	11200	-384934.0803997121	297.7316393492006	1.0292905646589063	316
56.5%	11300	-385656.33055527834	303.22706977003145	1.0289055904267754	316
57.0%	11400	-384902.6549834553	302.9626776291697	1.0239022151261876	316
57.5%	11500	-385177.2628034258	303.855070018228	1.0252538157039384	316
58.0%	11600	-385268.5103858777	300.3527798740687	1.0242511440194724	316
58.5%	11700	-384701.0025733777	302.21978848151474	1.0242511440194724	316
59.0%	11800	-385303.74956777436	301.83792810172093	1.0261698292468369	316
59.5%	11900	-385281.78863027436	302.72248402428653	1.0261698292468369	316
60.0%	12000	-385789.98389291717	302.66823913688154	1.0307280655820446	316
60.5%	12100	-385474.70063529606	301.11846959508665	1.0272804514608351	316
61.0%	12200	-385601.9327067302	299.76461171560726	1.0276304086525234	316
61.5%	12300	-386021.53726024274	299.53534584666227	1.0275552374359078	317
62.0%	12400	-385846.88211199036	298.7554402241175	1.0297074952989445	317
62.5%	12500	-385143.3401889012	300.511773509566	1.0290222334662025	317
63.0%	12600	-385906.5198764012	303.40173633851396	1.0290222334662025	317
63.5%	12700	-385553.7240889396	300.50777651786245	1.0288111149685806	317
64.0%	12800	-385915.4916382679	304.84150000519764	1.0278977591344052	317
64.5%	12900	-385359.8844864471	301.1360721102736	1.025102557417894	317
65.0%	13000	-385463.81382973306	302.27025296297353	1.0249531306880661	317
65.5%	13100	-385896.31382973306	301.5891301353873	1.0249531306880661	317
66.0%	13200	-385863.4719569711	298.12269477887395	1.027558323682264	317
66.5%	13300	-386216.7532069711	299.08821439545375	1.027558323682264	317
67.0%	13400	-386887.397790269	300.1140629902582	1.0307520307122835	317
67.5%	13500	-386272.311852769	299.2666613698825	1.0307520307122835	317
68.0%	13600	-386410.679040269	301.7247325090926	1.0307520307122835	317
68.5%	13700	-386040.59550527856	298.3944902147135	1.0318509606509219	317
69.0%	13800	-386366.26738027856	299.67376383521287	1.0318509606509219	317
69.5%	13900	-386519.4416245341	298.2184847524584	1.0322567439603343	317
70.0%	14000	-386291.5527651466	301.19484560896825	1.031227769315805	317
70.5%	14100	-386045.90576102794	298.07276191700134	1.027642687334448	317
71.0%	14200	-386728.1626288735	300.218713290279	1.027526584297847	317
71.5%	14300	-386577.0063788735	300.115736607474	1.027526584297847	316
72.0%	14400	-385559.85422642576	296.7465088767749	1.0309225389153267	316
72.5%	14500	-385603.8859713294	302.1166542817953	1.0273224385985111	316
73.0%	14600	-385890.2609713294	303.6557520526379	1.0273224385985111	316
73.5%	14700	-385874.0638794394	303.064433555888	1.0256703543336407	316
74.0%	14800	-385424.0560669394	301.3066235493668	1.0256703543336407	316
74.5%	14900	-385038.5293276638	301.46990952078215	1.0261448442916852	316
75.0%	15000	-385600.2133373909	302.1097826064035	1.027793681853386	316
75.5%	15100	-385320.66225167597	301.40550479239687	1.0286960022649787	316
76.0%	15200	-386276.85756417597	303.062484284072	1.0286960022649787	316
76.5%	15300	-385419.53364704014	297.3259348464857	1.0300511534315777	316
77.0%	15400	-385908.03364704014	301.58688551935677	1.0300511534315777	316
77.5%	15500	-385121.25403507333	303.76428120667646	1.0274192459826588	316
78.0%	15600	-384652.05091007333	302.418732344433	1.0274192459826588	316
78.5%	15700	-384780.42591007333	304.1510246108175	1.0274192459826588	316
79.0%	15800	-385378.13152442756	304.3490036826349	1.028301627508248	316
79.5%	15900	-385687.46826341026	299.77607107113164	1.0270554569327193	316
80.0%	16000	-385508.61851868033	301.0342768043267	1.0301082572540943	316
80.5%	16100	-385591.28258118033	299.22438776797384	1.0301082572540943	316
81.0%	16200	-385677.90758118033	295.1814995735093	1.0301082572540943	316
81.5%	16300	-385628.2398816021	297.26340063145915	1.0278292895677061	316
82.0%	16400	-385986.5043690058	303.0428931178405	1.0277034409053065	316
82.5%	16500	-385590.83868642827	294.9958068210171	1.029209029437641	316
83.0%	16600	-386232.53807516163	297.50782750341756	1.0273150707183851	316
83.5%	16700	-385665.8265738904	300.0412901757941	1.0272617762363154	316
84.0%	16800	-385319.47873535333	302.8969930758547	1.0270859757036876	316
84.5%	16900	-384949.1282720647	303.3215405394576	1.0269085580299344	316
85.0%	17000	-384830.4329595647	303.5903037746945	1.0269085580299344	316
85.5%	17100	-384596.2193555271	303.4729142942196	1.0240188895558315	316
86.0%	17200	-384373.4993125261	303.07888573278655	1.0244849903922448	316
86.5%	17300	-385292.5090024115	302.92826018336797	1.0279614045296137	317
87.0%	17400	-384591.58873116504	301.1665122539861	1.0240009841901725	317
87.5%	17500	-384926.02912138775	300.5247095861631	1.0245851833850226	317
88.0%	17600	-386031.59162138775	303.6419299433972	1.0245851833850226	317
88.5%	17700	-385277.59943388775	301.5633367406503	1.0245851833850226	317
89.0%	17800	-385541.9826713279	302.76735665528327	1.0248790611305547	317
89.5%	17900	-385815.2482963279	300.9435470616181	1.0248790611305547	317
90.0%	18000	-385375.6609970869	301.6951193291807	1.0225581749231647	317
90.5%	18100	-385577.0516220869	301.90144679746265	1.0225581749231647	317
91.0%	18200	-385153.1824378108	300.757086414168	1.0250454600667789	317
91.5%	18300	-385567.0418128108	303.1556161597256	1.0250454600667789	317
92.0%	18400	-384638.7527503108	300.46951959727164	1.0250454600667789	317
92.5%	18500	-384933.32088696514	302.2089198144195	1.0249815456141231	317
93.0%	18600	-385556.132169059	302.00448254911066	1.025505453229269	317
93.5%	18700	-385115.52038335963	299.5741343868393	1.0235786175762296	317
94.0%	18800	-385154.34069585963	302.31912258567377	1.0235786175762296	317
94.5%	18900	-385182.5475469213	300.07060801149134	1.0269791566896969	317
95.0%	19000	-385913.93275336665	299.83620315321326	1.0299071642242452	317
95.5%	19100	-386372.41712836665	303.1748135336711	1.0299071642242452	317
96.0%	19200	-386133.6688968884	300.5677313934154	1.0301344825030556	317
96.5%	19300	-386160.6008494154	301.8216644803066	1.0306027754837088	317
97.0%	19400	-386435.6272700352	301.08970306858987	1.0297382057436053	317
97.5%	19500	-385515.4275666643	295.99180596053804	1.0277668296989653	317
98.0%	19600	-385746.8165241012	298.04039219108705	1.0299125679800973	317
98.5%	19700	-385550.8120119958	299.9160642288265	1.0301023230565456	317
99.0%	19800	-385546.804823515	298.6324588931805	1.028432466057282	317
99.5%	19900	-385460.953261015	301.106734584962	1.028432466057282	317
100.0%	20000	-385767.515761015	300.2731944530557	1.028432466057282	317
